5228
5231
5226
5246
5244
5245
5247
5248
5249
5251
5250
5230
5229
5237
5227
5238
5234
5233
5236
5241
5240
5232
5235
5239
5233
5235
5226
5241
5227
5240
5231
5229
5238
5246
5247
5245
5250
5244
5251
5248
5228
5239
5237
5234
5249
5232
5236
5230
5235
5234
5237
5233
5241
5239
5231
5229
5226
5246
5245
5247
5250
5251
5244
5248
5238
5236
5228
5240
5249
5232
5230
5227
5234
5232
5228
5238
5236
5241
5233
5231
5248
5246
5247
5250
5251
5245
5249
5244
5226
5230
5240
5235
5239
5229
5237
5227
5234
5238
5237
5232
5240
5239
5235
5229
5246
5231
5247
5245
5248
5226
5244
5251
5249
5250
5236
5241
5228
5230
5233
5227
